   30.0000  0.410287
   30.2530  0.409714
   30.5082  0.409142
   30.7656  0.408570
   31.0251  0.407998
   31.2867  0.407428
   31.5506  0.406859
   31.8168  0.406291
   32.0851  0.405722
   32.3558  0.405261
   32.6287  0.404997
   32.9039  0.405294
   33.1814  0.406305
   33.4613  0.407320
   33.7435  0.408339
   34.0282  0.409359
   34.3152  0.410381
   34.6046  0.411407
   34.8965  0.412435
   35.1909  0.413465
   35.4877  0.414498
   35.7870  0.415534
   36.0889  0.416572
   36.3933  0.417613
   36.7002  0.418656
   37.0098  0.419701
   37.3220  0.420749
   37.6368  0.421800
   37.9542  0.422854
   38.2744  0.423911
   38.5972  0.424970
   38.9228  0.426032
   39.2511  0.427097
   39.5821  0.428164
   39.9160  0.429233
   40.2527  0.430305
   40.5922  0.431512
   40.9346  0.432808
   41.2799  0.434757
   41.6281  0.437001
   41.9792  0.439258
   42.3333  0.441526
   42.6903  0.443805
   43.0504  0.446097
   43.4135  0.448400
   43.7797  0.450715
   44.1490  0.453041
   44.5214  0.455380
   44.8969  0.457731
   45.2756  0.460094
   45.6575  0.462470
   46.0426  0.464859
   46.4310  0.467258
   46.8226  0.469670
   47.2175  0.472095
   47.6158  0.476454
   48.0174  0.482771
   48.4225  0.490215
   48.8309  0.498502
   49.2428  0.506929
   49.6581  0.515499
   50.0770  0.524212
   50.4994  0.533072
   50.9253  0.542084
   51.3549  0.551247
   51.7880  0.560567
   52.2248  0.570044
   52.6654  0.579680
   53.1096  0.589311
   53.5575  0.597980
   54.0093  0.606587
   54.4648  0.614643
   54.9242  0.622805
   55.3875  0.631075
   55.8547  0.639455
   56.3258  0.647947
   56.8009  0.656551
   57.2800  0.665269
   57.7632  0.674103
   58.2504  0.683056
   58.7417  0.692127
   59.2372  0.701317
   59.7368  0.708374
   60.2407  0.714786
   60.7488  0.720248
   61.2612  0.725574
   61.7780  0.730940
   62.2990  0.736344
   62.8245  0.741790
   63.3544  0.745811
   63.8888  0.739102
   64.4277  0.732247
   64.9711  0.724683
   65.5192  0.717197
   66.0718  0.709789
   66.6291  0.702457
   67.1911  0.695199
   67.7578  0.688619
   68.3294  0.682752
   68.9057  0.677024
   69.4869  0.671412
   70.0730  0.665845
   70.6641  0.660324
   71.2601  0.654850
   71.8612  0.649421
   72.4673  0.644038
   73.0785  5.610457E-02
   73.6949  5.495716E-02
   74.3166  5.383326E-02
   74.9434  5.273245E-02
   75.5755  5.165422E-02
   76.2130  5.059795E-02
   76.8558  4.956324E-02
   77.5041  4.854953E-02
   78.1578  4.755658E-02
   78.8171  4.658404E-02
   79.4819  4.563146E-02
   80.1523  4.469827E-02
   80.8284  4.381937E-02
   81.5101  4.299726E-02
   82.1976  4.219288E-02
   82.8910  4.140532E-02
   83.5901  4.063258E-02
   84.2952  3.987421E-02
   85.0062  3.912996E-02
   85.7232  3.839958E-02
   86.4463  3.788167E-02
   87.1754  3.741240E-02
   87.9107  3.719826E-02
   88.6522  3.700843E-02
   89.4000  3.681958E-02
   90.1541  3.663169E-02
   90.9145  3.644476E-02
   91.6813  3.625880E-02
   92.4547  3.607380E-02
   93.2345  3.588972E-02
   94.0209  3.570660E-02
   94.8139  3.552441E-02
   95.6137  3.534314E-02
   96.4202  3.516281E-02
   97.2335  3.498344E-02
   98.0536  3.480493E-02
   98.8807  3.462731E-02
   99.7147  3.445061E-02
   100.556  3.427482E-02
   101.404  3.409988E-02
   102.259  3.392581E-02
   103.122  3.376591E-02
   103.992  3.360977E-02
   104.869  3.349017E-02
   105.753  3.337488E-02
   106.645  3.326016E-02
   107.545  3.314582E-02
   108.452  3.303174E-02
   109.367  3.291805E-02
   110.289  3.280470E-02
   111.219  3.269178E-02
   112.158  3.257932E-02
   113.104  3.246725E-02
   114.058  3.235559E-02
   115.020  3.224432E-02
   115.990  3.213350E-02
   116.968  3.202295E-02
   117.955  3.191267E-02
   118.950  3.180284E-02
   119.953  3.169345E-02
   120.965  3.158447E-02
   121.985  3.147583E-02
   123.014  3.136751E-02
   124.052  3.125955E-02
   125.098  3.139384E-02
   126.153  3.155876E-02
   127.217  3.179953E-02
   128.290  3.204373E-02
   129.372  3.228984E-02
   130.464  3.253783E-02
   131.564  3.278769E-02
   132.674  3.303948E-02
   133.793  3.329320E-02
   134.921  3.354888E-02
   136.059  3.380654E-02
   137.207  3.406617E-02
   138.364  3.432778E-02
   139.531  3.459140E-02
   140.708  3.485705E-02
   141.895  3.512473E-02
   143.092  3.539448E-02
   144.299  3.566631E-02
   145.516  3.594022E-02
   146.743  3.621621E-02
   147.981  3.649431E-02
   149.229  3.677459E-02
   150.488  3.705701E-02
   151.757  3.741800E-02
   153.037  3.778530E-02
   154.328  3.815844E-02
   155.630  3.853526E-02
   156.943  3.891583E-02
   158.267  3.930016E-02
   159.601  3.968830E-02
   160.948  4.008026E-02
   162.305  4.047609E-02
   163.674  4.087581E-02
   165.055  4.127948E-02
   166.447  4.168714E-02
   167.851  4.209885E-02
   169.267  4.251462E-02
   170.694  4.293447E-02
   172.134  4.335845E-02
   173.586  4.378661E-02
   175.050  4.421906E-02
   176.527  4.465578E-02
   178.016  4.520503E-02
   179.517  4.577814E-02
   181.032  4.663456E-02
   182.558  4.752046E-02
   184.098  4.842333E-02
   185.651  4.934336E-02
   187.217  5.028070E-02
   188.796  5.123589E-02
   190.389  5.220941E-02
   191.995  5.320132E-02
   193.614  5.421190E-02
   195.247  5.524177E-02
   196.894  5.629130E-02
   198.555  5.736084E-02
   200.229  5.845077E-02
   201.918  5.957029E-02
   203.622  6.071774E-02
   205.339  6.188722E-02
   207.071  6.307919E-02
   208.818  6.429440E-02
   210.579  6.553309E-02
   212.355  6.679533E-02
   214.146  6.808177E-02
   215.953  6.939325E-02
   217.774  7.072998E-02
   219.611  7.209253E-02
   221.463  7.347425E-02
   223.331  7.483082E-02
   225.215  7.618032E-02
   227.115  7.743235E-02
   229.030  7.870495E-02
   230.962  7.999846E-02
   232.910  8.131326E-02
   234.875  8.264963E-02
   236.856  8.400801E-02
   238.854  8.538865E-02
   240.868  8.679198E-02
   242.900  8.821831E-02
   244.949  8.966812E-02
   247.015  9.114180E-02
   249.099  9.263985E-02
   251.200  9.416252E-02
   253.318  9.571003E-02
   255.455  9.728295E-02
   257.610  9.888184E-02
   259.783  0.100507
   261.974  0.102159
   264.184  0.103848
   266.412  0.105652
   268.659  0.107571
   270.925  0.109873
   273.210  0.112223
   275.515  0.114624
   277.839  0.117076
   280.182  0.119581
   282.546  0.122139
   284.929  0.124752
   287.332  0.127421
   289.756  0.130147
   292.200  0.132931
   294.664  0.135775
   297.150  0.138679
   299.656  0.141646
   302.184  0.144676
   304.733  0.147772
   307.303  0.150933
   309.895  0.154162
   312.509  0.157460
   315.145  0.160828
   317.803  0.164269
   320.484  0.167783
   323.187  0.171373
   325.913  0.175039
   328.662  0.178783
   331.434  0.182608
   334.230  0.186515
   337.049  0.190505
   339.892  0.194581
   342.759  0.198743
   345.650  0.202995
   348.565  0.207337
   351.505  0.211773
   354.470  0.216303
   357.460  0.220931
   360.475  0.225364
   363.516  0.229817
   366.582  0.234252
   369.674  0.238761
   372.792  0.243356
   375.936  0.248040
   379.107  0.252814
   382.305  0.257680
   385.530  0.262640
   388.781  0.267695
   392.061  0.272847
   395.368  0.278098
   398.703  0.283450
   402.066  0.288906
   405.457  0.294466
   408.877  0.300134
   412.326  0.305911
   415.803  0.311799
   419.311  0.317800
   422.848  0.323917
   426.414  0.330151
   430.011  0.336505
   433.638  0.342982
   437.296  0.349962
   440.984  0.357130
   444.704  0.364636
   448.455  0.372303
   452.237  0.380121
   456.052  0.388102
   459.898  0.396253
   463.778  0.404576
   467.689  0.413076
   471.634  0.421754
   475.612  0.430612
   479.624  0.439658
   483.670  0.448896
   487.749  0.458337
   491.863  0.467986
   496.012  0.477893
   500.196  0.488047
   504.415  0.498529
   508.670  0.509287
   512.960  0.520332
   517.287  0.531632
   521.650  0.543154
   526.050  0.554922
   530.487  0.566897
   534.962  0.579127
   539.474  0.591598
   544.024  0.604337
   548.613  0.617346
   553.240  0.630700
   557.907  0.644555
   562.613  0.658768
   567.358  0.673403
   572.144  0.688441
   576.970  0.703926
   581.836  0.719779
   586.744  0.736010
   591.693  0.752625
   596.684  0.769628
   601.717  0.787013
   606.792  0.804790
   611.910  0.822970
   617.072  0.841560
   622.276  0.860599
   627.525  0.880073
   632.818  0.900354
   638.156  0.921147
   643.539  0.942996
   648.967  0.965421
   654.441  0.988744
   659.961  1.01263
   665.527  1.03708
   671.141  1.06162
   676.802  1.08564
   682.511  1.10969
   688.267  1.13349
   694.073  1.15763
   699.927  1.18210
   705.831  1.20778
   711.784  1.23451
   717.788  1.26241
   723.843  1.29123
   729.948  1.32070
   736.105  1.35085
   742.314  1.38169
   748.575  1.41323
   754.889  1.44550
   761.256  1.47851
   767.677  1.51235
   774.153  1.54699
   780.682  1.58264
   787.267  1.61916
   793.908  1.65668
   800.604  1.69506
   807.357  1.73434
   814.167  1.77454
   821.034  1.81569
   827.960  1.85778
   834.943  1.90086
   841.986  1.94493
   849.088  1.99003
   856.250  2.03623
   863.472  2.08351
   870.755  2.13196
   878.100  2.18154
   885.506  2.23227
   892.975  2.28419
   900.508  2.33730
   908.103  2.39164
   915.763  2.44724
   923.487  2.50416
   931.276  2.56257
   939.132  2.62235
   947.053  2.68352
   955.041  2.74610
   963.097  2.81014
   971.220  2.87570
   979.412  2.94282
   987.673  3.01141
   996.004  3.08149
   1004.41  3.15308
   1012.88  3.22623
   1021.42  3.29967
   1030.04  3.37402
   1038.72  3.45113
   1047.49  3.53039
   1056.32  3.61290
   1065.23  3.69764
   1074.22  3.78441
   1083.28  3.87322
   1092.41  3.96410
   1101.63  4.05712
   1110.92  4.15234
   1120.29  4.24978
   1129.74  4.34949
   1139.27  4.45154
   1148.88  4.55596
   1158.57  4.66286
   1168.34  4.77229
   1178.20  4.88428
   1188.13  4.99890
   1198.16  5.11620
   1208.26  5.23625
   1218.45  5.35912
   1228.73  5.48488
   1239.09  5.61297
   1249.55  5.74381
   1260.09  5.87688
   1270.71  6.01283
   1281.43  6.15084
   1292.24  6.29189
   1303.14  6.43622
   1314.13  6.58386
   1325.22  6.73488
   1336.39  6.88937
   1347.67  7.04740
   1359.03  7.20906
   1370.50  7.37442
   1382.06  7.54355
   1393.71  7.71655
   1405.47  7.89349
   1417.33  8.07448
   1429.28  8.25966
   1441.34  8.44912
   1453.49  8.64396
   1465.75  8.84393
   1478.12  9.05051
   1490.58  9.26271
   1503.16  9.48955
   1515.84  9.72436
   1528.62  9.96656
   1541.51  10.2150
   1554.52  10.4696
   1567.63  0.900114
   1580.85  0.918160
   1594.19  0.936569
   1607.63  0.955345
   1621.19  0.974495
   1634.87  0.994027
   1648.66  1.01395
   1662.56  1.03428
   1676.59  1.05501
   1690.73  1.07616
   1704.99  1.09773
   1719.37  1.11973
   1733.87  1.14262
   1748.50  1.16626
   1763.25  1.19058
   1778.12  1.21549
   1793.12  1.24107
   1808.24  1.26725
   1823.49  1.29397
   1838.87  1.32126
   1854.38  1.34912
   1870.03  1.37757
   1885.80  1.40663
   1901.70  1.43629
   1917.75  1.46658
   1933.92  1.49750
   1950.23  1.52908
   1966.68  1.56132
   1983.27  1.59424
   2000.00  1.62762
