   30.0000  0.230161
   30.2530  0.231743
   30.5082  0.233336
   30.7656  0.234940
   31.0251  0.236554
   31.2867  0.238136
   31.5506  0.239508
   31.8168  0.240717
   32.0851  0.241444
   32.3558  0.242173
   32.6287  0.242905
   32.9039  0.243638
   33.1814  0.244374
   33.4613  0.245112
   33.7435  0.245853
   34.0282  0.246595
   34.3152  0.247340
   34.6046  0.248087
   34.8965  0.248836
   35.1909  0.249588
   35.4877  0.250342
   35.7870  0.251098
   36.0889  0.251856
   36.3933  0.252617
   36.7002  0.253380
   37.0098  0.254145
   37.3220  0.254913
   37.6368  0.255682
   37.9542  0.256454
   38.2744  0.257229
   38.5972  0.258006
   38.9228  0.258786
   39.2511  0.259714
   39.5821  0.260842
   39.9160  0.262266
   40.2527  0.263972
   40.5922  0.265688
   40.9346  0.267415
   41.2799  0.269154
   41.6281  0.270905
   41.9792  0.272666
   42.3333  0.274439
   42.6903  0.276223
   43.0504  0.278020
   43.4135  0.279827
   43.7797  0.281647
   44.1490  0.283478
   44.5214  0.285322
   44.8969  0.287177
   45.2756  0.289044
   45.6575  0.290924
   46.0426  0.292881
   46.4310  0.294988
   46.8226  0.297150
   47.2175  0.299386
   47.6158  0.301638
   48.0174  0.303906
   48.4225  0.306192
   48.8309  0.308495
   49.2428  0.310815
   49.6581  0.313153
   50.0770  0.315509
   50.4994  0.317882
   50.9253  0.320273
   51.3549  0.322681
   51.7880  0.325108
   52.2248  0.327540
   52.6654  0.329698
   53.1096  0.331768
   53.5575  0.333181
   54.0093  0.334600
   54.4648  0.336025
   54.9242  0.337456
   55.3875  0.338894
   55.8547  0.340338
   56.3258  0.341788
   56.8009  0.343243
   57.2800  0.344705
   57.7632  0.346174
   58.2504  0.347649
   58.7417  0.349129
   59.2372  0.350617
   59.7368  0.350218
   60.2407  0.349229
   60.7488  0.347989
   61.2612  0.346709
   61.7780  0.345434
   62.2990  0.344164
   62.8245  0.342898
   63.3544  0.341637
   63.8888  0.340381
   64.4277  0.339170
   64.9711  0.338118
   65.5192  0.337845
   66.0718  0.339389
   66.6291  0.340941
   67.1911  0.342500
   67.7578  0.344066
   68.3294  0.345639
   68.9057  0.347219
   69.4869  0.348806
   70.0730  0.352265
   70.6641  0.356737
   71.2601  0.363632
   71.8612  0.371474
   72.4673  0.379484
   73.0785  0.387667
   73.6949  0.396027
   74.3166  0.404632
   74.9434  0.417067
   75.5755  0.430222
   76.2130  0.446696
   76.8558  0.463801
   77.5041  0.481562
   78.1578  0.499948
   78.8171  0.518897
   79.4819  0.533921
   80.1523  0.541578
   80.8284  0.549345
   81.5101  0.557222
   82.1976  0.565213
   82.8910  0.573318
   83.5901  0.581246
   84.2952  0.589121
   85.0062  0.591218
   85.7232  0.591218
   86.4463  0.591218
   87.1754  0.591218
   87.9107  0.591218
   88.6522  0.591219
   89.4000  0.591218
   90.1541  0.591125
   90.9145  0.590144
   91.6813  0.588792
   92.4547  0.585811
   93.2345  0.582845
   94.0209  0.579892
   94.8139  0.576955
   95.6137  0.574032
   96.4202  0.570616
   97.2335  0.566615
   98.0536  0.560216
   98.8807  0.551886
   99.7147  0.372010
   100.556  7.394861E-02
   101.404  5.601673E-02
   102.259  7.781418E-02
   103.122  8.072851E-02
   103.992  8.931965E-02
   104.869  9.042837E-02
   105.753  8.016767E-02
   106.645  7.066746E-02
   107.545  6.668054E-02
   108.452  6.360461E-02
   109.367  6.282247E-02
   110.289  6.050786E-02
   111.219  5.764744E-02
   112.158  5.563490E-02
   113.104  5.417286E-02
   114.058  5.283516E-02
   115.020  5.048234E-02
   115.990  4.788372E-02
   116.968  4.535447E-02
   117.955  4.356601E-02
   118.950  4.255181E-02
   119.953  4.219605E-02
   120.965  4.157593E-02
   121.985  4.105053E-02
   123.014  4.087501E-02
   124.052  4.080909E-02
   125.098  4.073176E-02
   126.153  4.055684E-02
   127.217  4.040651E-02
   128.290  4.010810E-02
   129.372  3.977777E-02
   130.464  3.927869E-02
   131.564  3.887882E-02
   132.674  3.885532E-02
   133.793  3.938487E-02
   134.921  4.065858E-02
   136.059  4.218287E-02
   137.207  4.326484E-02
   138.364  4.373103E-02
   139.531  4.391925E-02
   140.708  4.387531E-02
   141.895  4.427771E-02
   143.092  4.461378E-02
   144.299  4.420448E-02
   145.516  4.388115E-02
   146.743  4.381410E-02
   147.981  4.382202E-02
   149.229  4.399466E-02
   150.488  4.425834E-02
   151.757  4.320138E-02
   153.037  4.363526E-02
   154.328  4.539930E-02
   155.630  4.623135E-02
   156.943  4.605276E-02
   158.267  4.562154E-02
   159.601  4.542858E-02
   160.948  4.495423E-02
   162.305  4.440204E-02
   163.674  4.401992E-02
   165.055  4.397816E-02
   166.447  4.406231E-02
   167.851  4.405725E-02
   169.267  4.430558E-02
   170.694  4.509077E-02
   172.134  4.675477E-02
   173.586  4.789895E-02
   175.050  5.028157E-02
   176.527  5.201226E-02
   178.016  5.310338E-02
   179.517  5.447821E-02
   181.032  5.475948E-02
   182.558  5.545699E-02
   184.098  5.616336E-02
   185.651  5.687874E-02
   187.217  5.760975E-02
   188.796  5.835114E-02
   190.389  5.913398E-02
   191.995  5.992877E-02
   193.614  6.073413E-02
   195.247  6.155031E-02
   196.894  6.237759E-02
   198.555  6.321596E-02
   200.229  6.406560E-02
   201.918  6.491251E-02
   203.622  6.573948E-02
   205.339  6.656582E-02
   207.071  6.738590E-02
   208.818  6.821605E-02
   210.579  6.905641E-02
   212.355  6.990714E-02
   214.146  7.076837E-02
   215.953  7.164024E-02
   217.774  7.252286E-02
   219.611  7.344338E-02
   221.463  7.438398E-02
   223.331  7.550385E-02
   225.215  7.666956E-02
   227.115  7.785344E-02
   229.030  7.905558E-02
   230.962  8.027636E-02
   232.910  8.151595E-02
   234.875  8.277466E-02
   236.856  8.405278E-02
   238.854  8.535044E-02
   240.868  8.666822E-02
   242.900  8.800644E-02
   244.949  8.936533E-02
   247.015  9.074529E-02
   249.099  9.219879E-02
   251.200  9.373247E-02
   253.318  9.530210E-02
   255.455  9.690589E-02
   257.610  9.853684E-02
   259.783  0.100195
   261.974  0.101882
   264.184  0.103596
   266.412  0.105340
   268.659  0.107113
   270.925  0.108915
   273.210  0.110748
   275.515  0.112612
   277.839  0.114508
   280.182  0.116434
   282.546  0.118394
   284.929  0.120387
   287.332  0.122413
   289.756  0.124473
   292.200  0.126568
   294.664  0.128698
   297.150  0.130892
   299.656  0.133156
   302.184  0.135487
   304.733  0.137881
   307.303  0.140317
   309.895  0.142797
   312.509  0.145320
   315.145  0.147888
   317.803  0.150501
   320.484  0.153161
   323.187  0.155867
   325.913  0.158621
   328.662  0.161424
   331.434  0.164276
   334.230  0.167179
   337.049  0.170133
   339.892  0.173139
   342.759  0.176199
   345.650  0.179312
   348.565  0.182481
   351.505  0.185705
   354.470  0.188987
   357.460  0.192327
   360.475  0.195725
   363.516  0.199183
   366.582  0.202968
   369.674  0.206979
   372.792  0.211153
   375.936  0.215443
   379.107  0.219821
   382.305  0.224287
   385.530  0.228844
   388.781  0.233493
   392.061  0.238238
   395.368  0.243079
   398.703  0.248018
   402.066  0.253057
   405.457  0.258199
   408.877  0.263445
   412.326  0.268798
   415.803  0.274260
   419.311  0.279832
   422.848  0.285518
   426.414  0.291319
   430.011  0.297238
   433.638  0.303278
   437.296  0.309440
   440.984  0.315727
   444.704  0.322142
   448.455  0.328688
   452.237  0.335366
   456.052  0.342180
   459.898  0.349193
   463.778  0.356356
   467.689  0.363942
   471.634  0.371695
   475.612  0.379611
   479.624  0.387697
   483.670  0.395956
   487.749  0.404390
   491.863  0.413003
   496.012  0.421800
   500.196  0.430784
   504.415  0.439961
   508.670  0.449333
   512.960  0.458904
   517.287  0.468678
   521.650  0.478661
   526.050  0.488857
   530.487  0.499270
   534.962  0.509904
   539.474  0.520766
   544.024  0.531858
   548.613  0.543187
   553.240  0.554758
   557.907  0.566574
   562.613  0.578643
   567.358  0.590969
   572.144  0.603557
   576.970  0.616413
   581.836  0.629660
   586.744  0.643573
   591.693  0.657902
   596.684  0.672772
   601.717  0.687979
   606.792  0.703530
   611.910  0.719433
   617.072  0.735695
   622.276  0.752324
   627.525  0.769328
   632.818  0.786718
   638.156  0.804502
   643.539  0.822685
   648.967  0.841280
   654.441  0.860295
   659.961  0.879742
   665.527  0.899629
   671.141  0.919965
   676.802  0.940757
   682.511  0.962019
   688.267  0.983764
   694.073  1.00579
   699.927  1.02756
   705.831  1.04965
   711.784  1.07186
   717.788  1.09455
   723.843  1.11773
   729.948  1.14139
   736.105  1.16555
   742.314  1.19022
   748.575  1.21542
   754.889  1.24115
   761.256  1.26743
   767.677  1.29426
   774.153  1.32166
   780.682  1.34964
   787.267  1.37821
   793.908  1.40798
   800.604  1.43848
   807.357  1.47128
   814.167  1.50482
   821.034  1.53913
   827.960  1.57422
   834.943  1.61011
   841.986  1.64683
   849.088  1.68437
   856.250  1.72277
   863.472  1.76205
   870.755  1.80223
   878.100  1.84331
   885.506  1.88534
   892.975  1.92833
   900.508  1.97393
   908.103  2.02146
   915.763  2.07127
   923.487  2.12269
   931.276  2.17538
   939.132  2.22939
   947.053  2.28473
   955.041  2.34145
   963.097  2.39958
   971.220  2.45915
   979.412  2.52021
   987.673  2.58279
   996.004  2.64697
   1004.41  2.71277
   1012.88  2.78026
   1021.42  2.84944
   1030.04  2.92036
   1038.72  2.99303
   1047.49  3.06750
   1056.32  3.14383
   1065.23  3.22208
   1074.22  3.30226
   1083.28  3.38443
   1092.41  3.46514
   1101.63  3.54653
   1110.92  3.62686
   1120.29  3.70839
   1129.74  3.79184
   1139.27  3.87718
   1148.88  3.96445
   1158.57  4.05368
   1168.34  4.14492
   1178.20  4.23822
   1188.13  4.33366
   1198.16  4.43130
   1208.26  4.53129
   1218.45  4.63359
   1228.73  4.73828
   1239.09  4.84535
   1249.55  4.95484
   1260.09  5.06679
   1270.71  5.18125
   1281.43  5.29832
   1292.24  5.41804
   1303.14  5.54102
   1314.13  5.66700
   1325.22  5.79588
   1336.39  5.92770
   1347.67  6.06261
   1359.03  6.20061
   1370.50  6.34169
   1382.06  6.48601
   1393.71  6.63399
   1405.47  6.78539
   1417.33  6.94049
   1429.28  7.09921
   1441.34  7.26174
   1453.49  7.42799
   1465.75  7.59805
   1478.12  7.77206
   1490.58  7.95011
   1503.16  8.13521
   1515.84  8.32723
   1528.62  8.52407
   1541.51  8.72572
   1554.52  8.93242
   1567.63  9.14413
   1580.85  9.36076
   1594.19  9.58251
   1607.63  9.80956
   1621.19  10.0420
   1634.87  10.2800
   1648.66  10.5237
   1662.56  10.7731
   1676.59  11.0284
   1690.73  11.2897
   1704.99  11.5572
   1719.37  11.8311
   1733.87  12.1143
   1748.50  12.4099
   1763.25  12.7134
   1778.12  13.0254
   1793.12  13.3460
   1808.24  13.6753
   1823.49  14.0128
   1838.87  7.34098
   1854.38  1.29259
   1870.03  1.31882
   1885.80  1.34558
   1901.70  1.37290
   1917.75  1.40077
   1933.92  1.42922
   1950.23  1.45824
   1966.68  1.48785
   1983.27  1.51807
   2000.00  1.54901
