   30.0000  2.008196E-02
   30.2530  2.020158E-02
   30.5082  2.032192E-02
   30.7656  2.044298E-02
   31.0251  2.056476E-02
   31.2867  2.068711E-02
   31.5506  2.080945E-02
   31.8168  2.093194E-02
   32.0851  2.105352E-02
   32.3558  2.117580E-02
   32.6287  2.129879E-02
   32.9039  2.142249E-02
   33.1814  2.154690E-02
   33.4613  2.167202E-02
   33.7435  2.179786E-02
   34.0282  2.192442E-02
   34.3152  2.205171E-02
   34.6046  2.217973E-02
   34.8965  2.230849E-02
   35.1909  2.243799E-02
   35.4877  2.256824E-02
   35.7870  2.269924E-02
   36.0889  2.283099E-02
   36.3933  2.305440E-02
   36.7002  2.328378E-02
   37.0098  2.353956E-02
   37.3220  2.379808E-02
   37.6368  2.405941E-02
   37.9542  2.432352E-02
   38.2744  2.459045E-02
   38.5972  2.486025E-02
   38.9228  2.513296E-02
   39.2511  2.540920E-02
   39.5821  2.568925E-02
   39.9160  2.597361E-02
   40.2527  2.626228E-02
   40.5922  2.655410E-02
   40.9346  2.684913E-02
   41.2799  2.714745E-02
   41.6281  2.744908E-02
   41.9792  2.775399E-02
   42.3333  2.806225E-02
   42.6903  2.837392E-02
   43.0504  2.868904E-02
   43.4135  2.900762E-02
   43.7797  2.932972E-02
   44.1490  2.965534E-02
   44.5214  2.998455E-02
   44.8969  3.031742E-02
   45.2756  3.065394E-02
   45.6575  3.099416E-02
   46.0426  3.133844E-02
   46.4310  3.168723E-02
   46.8226  3.204008E-02
   47.2175  3.239714E-02
   47.6158  3.275814E-02
   48.0174  3.312313E-02
   48.4225  3.351275E-02
   48.8309  3.392120E-02
   49.2428  3.438931E-02
   49.6581  3.488954E-02
   50.0770  3.539695E-02
   50.4994  3.591166E-02
   50.9253  3.643377E-02
   51.3549  3.696338E-02
   51.7880  3.750061E-02
   52.2248  3.804546E-02
   52.6654  3.859630E-02
   53.1096  3.915437E-02
   53.5575  3.971623E-02
   54.0093  4.028592E-02
   54.4648  4.086350E-02
   54.9242  4.144914E-02
   55.3875  4.204295E-02
   55.8547  4.264505E-02
   56.3258  4.325554E-02
   56.8009  4.387448E-02
   57.2800  4.450198E-02
   57.7632  4.513817E-02
   58.2504  4.578319E-02
   58.7417  4.643721E-02
   59.2372  4.710030E-02
   59.7368  4.775706E-02
   60.2407  4.841725E-02
   60.7488  4.908345E-02
   61.2612  4.975741E-02
   61.7780  5.043971E-02
   62.2990  5.113031E-02
   62.8245  5.182922E-02
   63.3544  5.253655E-02
   63.8888  5.325241E-02
   64.4277  5.397733E-02
   64.9711  5.471269E-02
   65.5192  5.546613E-02
   66.0718  5.625118E-02
   66.6291  5.704692E-02
   67.1911  5.785350E-02
   67.7578  5.867104E-02
   68.3294  5.949969E-02
   68.9057  6.033963E-02
   69.4869  6.119097E-02
   70.0730  6.207402E-02
   70.6641  6.298030E-02
   71.2601  6.393068E-02
   71.8612  6.490579E-02
   72.4673  6.589559E-02
   73.0785  6.690028E-02
   73.6949  6.792011E-02
   74.3166  6.895611E-02
   74.9434  7.005323E-02
   75.5755  7.117066E-02
   76.2130  7.233848E-02
   76.8558  7.352293E-02
   77.5041  7.472439E-02
   78.1578  7.594232E-02
   78.8171  7.717614E-02
   79.4819  7.838368E-02
   80.1523  7.953589E-02
   80.8284  8.070512E-02
   81.5101  8.189159E-02
   82.1976  8.309548E-02
   82.8910  8.431702E-02
   83.5901  8.555369E-02
   84.2952  8.680694E-02
   85.0062  8.802149E-02
   85.7232  8.923125E-02
   86.4463  9.045652E-02
   87.1754  9.169740E-02
   87.9107  9.295399E-02
   88.6522  9.422652E-02
   89.4000  9.551513E-02
   90.1541  9.681889E-02
   90.9145  9.812813E-02
   91.6813  9.944858E-02
   92.4547  0.100764
   93.2345  0.102093
   94.0209  0.103438
   94.8139  0.104797
   95.6137  0.106170
   96.4202  0.107551
   97.2335  0.108937
   98.0536  0.110350
   98.8807  0.111785
   99.7147  0.108783
   100.556  7.230900E-02
   101.404  6.411213E-02
   102.259  7.546756E-02
   103.122  7.746733E-02
   103.992  8.164597E-02
   104.869  8.295312E-02
   105.753  7.968339E-02
   106.645  7.597531E-02
   107.545  7.456961E-02
   108.452  7.348989E-02
   109.367  7.367641E-02
   110.289  7.287054E-02
   111.219  7.159012E-02
   112.158  7.076644E-02
   113.104  7.026031E-02
   114.058  6.978959E-02
   115.020  6.844702E-02
   115.990  6.676455E-02
   116.968  6.498722E-02
   117.955  6.375670E-02
   118.950  6.318936E-02
   119.953  6.323479E-02
   120.965  6.299978E-02
   121.985  6.283900E-02
   123.014  6.302661E-02
   124.052  6.332356E-02
   125.098  6.360400E-02
   126.153  6.377354E-02
   127.217  6.396306E-02
   128.290  6.397989E-02
   129.372  6.394891E-02
   130.464  6.370981E-02
   131.564  6.356897E-02
   132.674  6.386314E-02
   133.793  6.481768E-02
   134.921  6.666098E-02
   136.059  6.879203E-02
   137.207  7.040413E-02
   138.364  7.130124E-02
   139.531  7.187516E-02
   140.708  7.217331E-02
   141.895  7.300455E-02
   143.092  7.375985E-02
   144.299  7.361027E-02
   145.516  7.355272E-02
   146.743  7.380483E-02
   147.981  7.414725E-02
   149.229  7.469673E-02
   150.488  7.536334E-02
   151.757  7.431959E-02
   153.037  7.520384E-02
   154.328  7.782965E-02
   155.630  7.924580E-02
   156.943  7.935069E-02
   158.267  7.911325E-02
   159.601  7.918056E-02
   160.948  7.885848E-02
   162.305  7.841298E-02
   163.674  7.818540E-02
   165.055  7.842315E-02
   166.447  7.883505E-02
   167.851  7.911877E-02
   169.267  7.976226E-02
   170.694  8.117691E-02
   172.134  8.384909E-02
   173.586  8.578359E-02
   175.050  8.946215E-02
   176.527  9.221794E-02
   178.016  9.408835E-02
   179.517  9.635705E-02
   181.032  9.715731E-02
   182.558  9.854572E-02
   184.098  0.100043
   185.651  0.101560
   187.217  0.103107
   188.796  0.104678
   190.389  0.106315
   191.995  0.107979
   193.614  0.109666
   195.247  0.111377
   196.894  0.113113
   198.555  0.114875
   200.229  0.116661
   201.918  0.118453
   203.622  0.120224
   205.339  0.122003
   207.071  0.123780
   208.818  0.125581
   210.579  0.127405
   212.355  0.129253
   214.146  0.131125
   215.953  0.133022
   217.774  0.134943
   219.611  0.136931
   221.463  0.138959
   223.331  0.141272
   225.215  0.143668
   227.115  0.146102
   229.030  0.148577
   230.962  0.151091
   232.910  0.153647
   234.875  0.156244
   236.856  0.158875
   238.854  0.161538
   240.868  0.164205
   242.900  0.166884
   244.949  0.169606
   247.015  0.172373
   249.099  0.175267
   251.200  0.178300
   253.318  0.181402
   255.455  0.184570
   257.610  0.187793
   259.783  0.191072
   261.974  0.194408
   264.184  0.197801
   266.412  0.201254
   268.659  0.204767
   270.925  0.208340
   273.210  0.211977
   275.515  0.215680
   277.839  0.219449
   280.182  0.223287
   282.546  0.227193
   284.929  0.231170
   287.332  0.235216
   289.756  0.239332
   292.200  0.243519
   294.664  0.247780
   297.150  0.252160
   299.656  0.256670
   302.184  0.261306
   304.733  0.266063
   307.303  0.270905
   309.895  0.275835
   312.509  0.280854
   315.145  0.285965
   317.803  0.291168
   320.484  0.296465
   323.187  0.301858
   325.913  0.307348
   328.662  0.312938
   331.434  0.318629
   334.230  0.324424
   337.049  0.330323
   339.892  0.336328
   342.759  0.342443
   345.650  0.348668
   348.565  0.355006
   351.505  0.361458
   354.470  0.368028
   357.460  0.374716
   360.475  0.381525
   363.516  0.388456
   366.582  0.395959
   369.674  0.403867
   372.792  0.412072
   375.936  0.420498
   379.107  0.429097
   382.305  0.437872
   385.530  0.446833
   388.781  0.455982
   392.061  0.465332
   395.368  0.474875
   398.703  0.484615
   402.066  0.494556
   405.457  0.504700
   408.877  0.515054
   412.326  0.525621
   415.803  0.536404
   419.311  0.547407
   422.848  0.558636
   426.414  0.570095
   430.011  0.581788
   433.638  0.593722
   437.296  0.605901
   440.984  0.618330
   444.704  0.631012
   448.455  0.643955
   452.237  0.657161
   456.052  0.670637
   459.898  0.684488
   463.778  0.698638
   467.689  0.713548
   471.634  0.728783
   475.612  0.744345
   479.624  0.760238
   483.670  0.776471
   487.749  0.793050
   491.863  0.809982
   496.012  0.827274
   500.196  0.844936
   504.415  0.862977
   508.670  0.881406
   512.960  0.900227
   517.287  0.919448
   521.650  0.939078
   526.050  0.959128
   530.487  0.979605
   534.962  1.00052
   539.474  1.02188
   544.024  0.300991
   548.613  0.307316
   553.240  0.313773
   557.907  0.320366
   562.613  0.327094
   567.358  0.333955
   572.144  0.340923
   576.970  0.347985
   581.836  0.355196
   586.744  0.362597
   591.693  0.370157
   596.684  0.377900
   601.717  0.385805
   606.792  0.393876
   611.910  0.402117
   617.072  0.410530
   622.276  0.419132
   627.525  0.427916
   632.818  0.437048
   638.156  0.446395
   643.539  0.456193
   648.967  0.466232
   654.441  0.476650
   659.961  0.487302
   665.527  0.498191
   671.141  0.509149
   676.802  0.519956
   682.511  0.530810
   688.267  0.541616
   694.073  0.552563
   699.927  0.563580
   705.831  0.575078
   711.784  0.586970
   717.788  0.599343
   723.843  0.612093
   729.948  0.625103
   736.105  0.638385
   742.314  0.651956
   748.575  0.665816
   754.889  0.679979
   761.256  0.694446
   767.677  0.709291
   774.153  0.724483
   780.682  0.740227
   787.267  0.756358
   793.908  0.773097
   800.604  0.790219
   807.357  0.807939
   814.167  0.826055
   821.034  0.844578
   827.960  0.863516
   834.943  0.882881
   841.986  0.902515
   849.088  0.922461
   856.250  0.942634
   863.472  0.963135
   870.755  0.983853
   878.100  1.00494
   885.506  1.02648
   892.975  1.04848
   900.508  1.07116
   908.103  1.09444
   915.763  1.11837
   923.487  1.14297
   931.276  1.16891
   939.132  1.19549
   947.053  1.22286
   955.041  1.25092
   963.097  1.27977
   971.220  1.30929
   979.412  1.33950
   987.673  1.37039
   996.004  1.40198
   1004.41  1.43428
   1012.88  1.46732
   1021.42  1.50092
   1030.04  1.53519
   1038.72  1.57041
   1047.49  1.60648
   1056.32  1.64360
   1065.23  1.68161
   1074.22  1.72051
   1083.28  1.76031
   1092.41  1.80061
   1101.63  1.84168
   1110.92  1.88335
   1120.29  1.92588
   1129.74  1.96937
   1139.27  2.01384
   1148.88  2.05932
   1158.57  2.10583
   1168.34  2.15339
   1178.20  2.20204
   1188.13  2.25179
   1198.16  2.30267
   1208.26  2.35471
   1218.45  2.40794
   1228.73  2.46238
   1239.09  2.51819
   1249.55  2.57532
   1260.09  2.63392
   1270.71  2.69390
   1281.43  2.75555
   1292.24  2.81864
   1303.14  2.88323
   1314.13  2.94934
   1325.22  3.01695
   1336.39  3.08611
   1347.67  3.15688
   1359.03  3.22926
   1370.50  3.30328
   1382.06  3.37900
   1393.71  3.45650
   1405.47  3.53581
   1417.33  3.61699
   1429.28  3.70001
   1441.34  3.78495
   1453.49  3.87192
   1465.75  3.96095
   1478.12  4.05223
   1490.58  4.14569
   1503.16  4.24247
   1515.84  4.34203
   1528.62  4.44405
   1541.51  4.54851
   1554.52  4.65538
   1567.63  4.76478
   1580.85  4.87683
   1594.19  4.99152
   1607.63  5.10891
   1621.19  5.22905
   1634.87  5.35200
   1648.66  5.47786
   1662.56  5.60669
   1676.59  5.73857
   1690.73  5.87355
   1704.99  6.01170
   1719.37  6.15311
   1733.87  6.29872
   1748.50  6.44879
   1763.25  6.60276
   1778.12  6.76062
   1793.12  6.92256
   1808.24  7.08853
   1823.49  7.25851
   1838.87  6.10028
   1854.38  2.25812
   1870.03  2.30574
   1885.80  2.35436
   1901.70  2.40402
   1917.75  2.45471
   1933.92  2.50648
   1950.23  2.55933
   1966.68  2.61330
   1983.27  2.66840
   2000.00  2.72476
